0 0.3078125 0.80546875 0.1828125 0.2421875
0 0.596875 0.84375 0.16875 0.2453125
0 0.815625 0.89140625 0.1234375 0.1578125
0 0.8765625 0.63359375 0.1109375 0.2125
0 0.55 0.6234375 0.18125 0.14375
0 0.2796875 0.61171875 0.209375 0.1046875
0 0.10625 0.59765625 0.121875 0.203125
0 0.11640625 0.31328125 0.16875 0.240625
0 0.40703125 0.3953125 0.209375 0.1515625
0 0.59453125 0.3359375 0.13125 0.2265625
0 0.90234375 0.40625 0.190625 0.18125
0 0.89453125 0.1515625 0.190625 0.15625
0 0.59375 0.10234375 0.159375 0.140625
0 0.38359375 0.11640625 0.125 0.19375
0 0.1734375 0.07109375 0.18125 0.1421875
0 0.09375 0.8078125 0.178125 0.2296875