0 0.3296875 0.81796875 0.1671875 0.23046875
0 0.6203125 0.8359375 0.15390625 0.2359375
0 0.8421875 0.86875 0.11328125 0.15078125
0 0.88515625 0.60703125 0.096875 0.20703125
0 0.55859375 0.61953125 0.17265625 0.1328125
0 0.28828125 0.6265625 0.20234375 0.090625
0 0.1140625 0.625 0.1078125 0.1953125
0 0.1046875 0.340625 0.153125 0.23125
0 0.4 0.40234375 0.19921875 0.13828125
0 0.5828125 0.3296875 0.11640625 0.21953125
0 0.89453125 0.378125 0.1796875 0.16875
0 0.86953125 0.125 0.18203125 0.14296875
0 0.565625 0.096875 0.14921875 0.13203125
0 0.35703125 0.12578125 0.11328125 0.1859375
0 0.1453125 0.09375 0.17109375 0.13515625
0 0.11640625 0.83515625 0.16171875 0.21953125