0 0.228125 0.2625 0.2625 0.215625
0 0.1453125 0.54140625 0.2640625 0.2015625
0 0.075 0.75078125 0.15 0.1453125
0 0.309375 0.8515625 0.2234375 0.140625
0 0.3703125 0.53046875 0.16875 0.196875
0 0.42421875 0.265625 0.134375 0.21875
0 0.46484375 0.09609375 0.2140625 0.1484375
0 0.74453125 0.15078125 0.259375 0.2015625
0 0.61796875 0.42421875 0.1796875 0.2265625
0 0.64765625 0.61875 0.2390625 0.1625
0 0.52890625 0.90234375 0.2046875 0.1953125
0 0.78125 0.91953125 0.18125 0.1609375
0 0.878125 0.6546875 0.1609375 0.175
0 0.896875 0.44453125 0.20625 0.1515625
0 0.9453125 0.24609375 0.109375 0.1984375
0 0.259375 0.07734375 0.25 0.1546875