0 0.903125 0.61796875 0.1390625 0.1921875
0 0.871875 0.69765625 0.1609375 0.221875
0 0.59609375 0.66015625 0.13125 0.259375
0 0.665625 0.67578125 0.1625 0.1796875
0 0.45078125 0.76875 0.1421875 0.2328125
0 0.37265625 0.6890625 0.1765625 0.21875
0 0.1671875 0.7765625 0.1890625 0.21875
0 0.165625 0.75703125 0.1671875 0.2421875
0 0.08515625 0.28671875 0.1703125 0.2046875
0 0.08828125 0.2375 0.1765625 0.25625
0 0.3015625 0.21015625 0.175 0.2953125
0 0.340625 0.26640625 0.1875 0.2390625
0 0.5703125 0.19140625 0.1609375 0.2828125
0 0.56875 0.16953125 0.2046875 0.2921875
0 0.82734375 0.16328125 0.1640625 0.303125
0 0.8078125 0.146875 0.209375 0.29375