0 0.29453125 0.86640625 0.1875 0.13125
0 0.2234375 0.81796875 0.215625 0.1515625
0 0.32265625 0.55703125 0.25625 0.11875
0 0.29140625 0.621875 0.1734375 0.15625
0 0.24921875 0.39140625 0.228125 0.13125
0 0.34453125 0.33359375 0.2125 0.1671875
0 0.30546875 0.11328125 0.2125 0.1796875
0 0.325 0.11640625 0.2359375 0.15625
0 0.80234375 0.13828125 0.196875 0.175
0 0.85 0.14609375 0.2484375 0.190625
0 0.82734375 0.371875 0.2890625 0.1609375
0 0.76328125 0.39765625 0.23125 0.178125
0 0.78515625 0.6375 0.278125 0.15
0 0.80703125 0.64140625 0.2859375 0.1921875
0 0.75390625 0.89453125 0.2984375 0.1515625
0 0.77578125 0.8796875 0.2875 0.196875