0 0.1171875 0.67265625 0.115625 0.17734375
0 0.159375 0.74765625 0.13515625 0.2046875
0 0.42734375 0.671875 0.096875 0.2484375
0 0.36015625 0.696875 0.1421875 0.1609375
0 0.5859375 0.759375 0.11328125 0.21796875
0 0.65234375 0.66953125 0.15 0.20078125
0 0.86796875 0.72734375 0.16328125 0.1984375
0 0.8671875 0.7078125 0.13828125 0.225
0 0.88671875 0.23046875 0.15859375 0.18359375
0 0.8828125 0.18203125 0.1703125 0.234375
0 0.65625 0.18515625 0.1375 0.27890625
0 0.625 0.246875 0.159375 0.21953125
0 0.3875 0.20390625 0.12578125 0.26796875
0 0.3859375 0.18203125 0.16796875 0.271875
0 0.12890625 0.2125 0.12578125 0.2890625
0 0.14609375 0.1921875 0.1734375 0.2734375