0 0.159375 0.61875 0.2546875 0.2015625
0 0.18671875 0.32890625 0.25625 0.1875
0 0.1890625 0.1046875 0.165625 0.134375
0 0.4546875 0.103125 0.21875 0.128125
0 0.39140625 0.4234375 0.1578125 0.190625
0 0.3421875 0.6890625 0.121875 0.2140625
0 0.31640625 0.86171875 0.209375 0.1375
0 0.5953125 0.9109375 0.253125 0.178125
0 0.58046875 0.6140625 0.1671875 0.21875
0 0.68125 0.44453125 0.234375 0.1484375
0 0.68203125 0.1296875 0.1953125 0.203125
0 0.92109375 0.19296875 0.1578125 0.2015625
0 0.90859375 0.4984375 0.153125 0.16875
0 0.846875 0.7 0.2015625 0.1421875
0 0.8453125 0.909375 0.159375 0.18125
0 0.11484375 0.82578125 0.2296875 0.1953125