0 0.40546875 0.8484375 0.215625 0.2625
0 0.69296875 0.8 0.2015625 0.2640625
0 0.91640625 0.78203125 0.14375 0.171875
0 0.89921875 0.51796875 0.140625 0.2234375
0 0.58359375 0.603125 0.196875 0.16875
0 0.321875 0.67109375 0.21875 0.134375
0 0.15234375 0.70859375 0.1484375 0.2140625
0 0.08984375 0.4328125 0.1796875 0.259375
0 0.38046875 0.42734375 0.2265625 0.1796875
0 0.5421875 0.315625 0.1625 0.2390625
0 0.85703125 0.2921875 0.2125 0.2046875
0 0.775 0.07109375 0.209375 0.1421875
0 0.4734375 0.0921875 0.175 0.1609375
0 0.2765625 0.1671875 0.1515625 0.20625
0 0.08125 0.18359375 0.1625 0.1703125
0 0.20078125 0.89375 0.2078125 0.2125