0 0.79140625 0.28671875 0.2515625 0.1984375
0 0.84921875 0.57265625 0.2546875 0.184375
0 0.9125 0.7875 0.1640625 0.134375
0 0.659375 0.86640625 0.2171875 0.125
0 0.6265625 0.54140625 0.1546875 0.1890625
0 0.59609375 0.27265625 0.11875 0.2140625
0 0.5703125 0.10078125 0.2078125 0.134375
0 0.2875 0.13046875 0.25 0.184375
0 0.3890625 0.41484375 0.1640625 0.2171875
0 0.34296875 0.60546875 0.2328125 0.1453125
0 0.43359375 0.903125 0.1921875 0.19375
0 0.18046875 0.90859375 0.1671875 0.1828125
0 0.11015625 0.62109375 0.1515625 0.1671875
0 0.109375 0.41015625 0.2 0.1375
0 0.06328125 0.20546875 0.1265625 0.1890625
0 0.77734375 0.084375 0.2390625 0.16875