0 0.8015625 0.69765625 0.2453125 0.1859375
0 0.8453125 0.409375 0.2484375 0.1734375
0 0.896875 0.19140625 0.159375 0.125
0 0.63984375 0.12578125 0.2140625 0.1140625
0 0.62421875 0.45234375 0.146875 0.1828125
0 0.6078125 0.721875 0.1078125 0.2109375
0 0.590625 0.8953125 0.2046875 0.125
0 0.30703125 0.8796875 0.24375 0.1734375
0 0.39375 0.59140625 0.1546875 0.2109375
0 0.3375 0.40234375 0.228125 0.134375
0 0.4125 0.09609375 0.184375 0.1921875
0 0.15859375 0.09921875 0.159375 0.19375
0 0.10390625 0.39921875 0.14375 0.1609375
0 0.11484375 0.61015625 0.1953125 0.1296875
0 0.06875 0.81796875 0.1375 0.1828125
0 0.80078125 0.91015625 0.2328125 0.1796875