0 0.15703125 0.7421875 0.146875 0.196875
0 0.2125 0.8078125 0.1703125 0.2265625
0 0.46171875 0.6828125 0.1421875 0.2625
0 0.4 0.7203125 0.1703125 0.184375
0 0.63359375 0.73828125 0.1515625 0.2359375
0 0.68203125 0.6375 0.1859375 0.225
0 0.903125 0.65234375 0.19375 0.2265625
0 0.9 0.63359375 0.178125 0.246875
0 0.828125 0.16171875 0.1921875 0.2109375
0 0.8140625 0.12265625 0.2125 0.2453125
0 0.59296875 0.1609375 0.1875 0.3
0 0.57421875 0.22734375 0.1984375 0.2453125
0 0.3328125 0.23046875 0.1734375 0.2875
0 0.32734375 0.209375 0.2171875 0.2984375
0 0.08515625 0.28828125 0.1703125 0.3078125
0 0.10234375 0.26484375 0.2046875 0.3015625