0 0.340625 0.11171875 0.1828125 0.121875
0 0.2640625 0.15078125 0.209375 0.1421875
0 0.33046875 0.42109375 0.2515625 0.10625
0 0.3078125 0.353125 0.165625 0.1484375
0 0.2375 0.5765625 0.221875 0.1203125
0 0.325 0.64609375 0.2046875 0.15625
0 0.26015625 0.86015625 0.2046875 0.16875
0 0.2796875 0.859375 0.2296875 0.1453125
0 0.75625 0.89609375 0.1890625 0.165625
0 0.8046875 0.89375 0.240625 0.178125
0 0.809375 0.6671875 0.2828125 0.146875
0 0.7484375 0.63359375 0.2234375 0.1671875
0 0.8 0.39765625 0.2734375 0.134375
0 0.821875 0.396875 0.278125 0.178125
0 0.8 0.1390625 0.29375 0.134375
0 0.8203125 0.15703125 0.2796875 0.1828125