0 0.8015625 0.30234375 0.2453125 0.1859375
0 0.8453125 0.590625 0.2484375 0.1734375
0 0.896875 0.80859375 0.159375 0.1265625
0 0.63984375 0.87421875 0.2140625 0.1140625
0 0.62421875 0.54765625 0.146875 0.1828125
0 0.6078125 0.278125 0.1078125 0.2109375
0 0.590625 0.1046875 0.2046875 0.125
0 0.30703125 0.1203125 0.24375 0.1734375
0 0.39375 0.40859375 0.1546875 0.2109375
0 0.3375 0.59765625 0.228125 0.134375
0 0.4125 0.903125 0.184375 0.19375
0 0.15859375 0.90078125 0.159375 0.1953125
0 0.10390625 0.60078125 0.14375 0.1609375
0 0.11484375 0.38984375 0.1953125 0.128125
0 0.06875 0.18203125 0.1375 0.1828125
0 0.80078125 0.0890625 0.2328125 0.178125