0 0.2125 0.71796875 0.2546875 0.2015625
0 0.14921875 0.43359375 0.25625 0.1875
0 0.08203125 0.21875 0.1640625 0.134375
0 0.334375 0.13671875 0.21875 0.128125
0 0.37265625 0.4609375 0.1578125 0.190625
0 0.4078125 0.72890625 0.121875 0.2140625
0 0.43671875 0.90078125 0.209375 0.1375
0 0.71953125 0.865625 0.253125 0.1875
0 0.61171875 0.58359375 0.1671875 0.21875
0 0.65546875 0.39140625 0.234375 0.1484375
0 0.55859375 0.09609375 0.1953125 0.1921875
0 0.81171875 0.08828125 0.1703125 0.1765625
0 0.88828125 0.371875 0.153125 0.16875
0 0.8921875 0.5828125 0.2015625 0.1421875
0 0.93828125 0.7859375 0.1234375 0.190625
0 0.22890625 0.91640625 0.2421875 0.1671875